           0            0            0
   -0.973061     0.561492    -0.867505
   -0.233722     0.995066     -0.16436
   -0.170695    0.0796333    -0.396444
   -0.864462     0.397699     0.960933
    0.986254     0.122554     0.404059
  -0.0313839    -0.230429     -0.98527
    0.530676    -0.814847     0.566217
   -0.936332     0.858772     0.406637
   -0.938129    -0.614703     0.345376
    0.865281      0.68251     0.741045
    0.775759     0.938754     0.739338
    0.182659    -0.363107    0.0488698
  -0.0424426    -0.744001    -0.645626
    0.666709    -0.423227     0.960688
    -0.62733      0.81987     0.284274
    0.471305    -0.441894    -0.213873
   -0.769894    -0.916373    -0.564176
    0.397317     0.511014    -0.105507
   -0.288792        0.618     0.737137
      0.2766     0.732489     -0.93672
    0.816421     0.947083     0.547452
   -0.411999    -0.372825     -0.98036
   -0.470057   -0.0644085    -0.915066
   -0.245012    -0.513914     0.489651
   0.0832402     0.646885    -0.442313
   -0.981436     0.199232    0.0467031
    0.998931     0.487395     0.939561
   -0.974196    -0.344668    -0.795345
    0.684995    -0.833647     0.639373
     0.70494     0.902282   -0.0590912
   -0.065978     0.646163     0.853972
   -0.892786    0.0542406     0.709815
    0.953495    -0.378396    -0.146792
   -0.606491     0.293929     0.869505
    0.713946    0.0570341    -0.224296
   -0.711572     0.572196     0.264462
    0.601324     0.904982     0.812715
    0.458795    0.0306205    -0.705297
    0.971581     0.638509     0.080543
   -0.633189    -0.585834    -0.313755
-0.000479579    -0.117658     0.719407
   -0.060276     0.514339    -0.924102
    0.941983     0.501141     0.623761
  -0.0984595     0.682662    -0.457029
   -0.808416    -0.500896     0.711176
    0.948163    -0.564943     0.740768
    -0.21953    -0.996477    0.0817558
    0.361341     0.215531    0.0696167
   -0.946661     0.424986     0.048661
   -0.537518     0.742158    -0.153921
  -0.0625218    -0.552447    -0.957452
    -0.80408     -0.97005     0.108915
    -0.16918     0.361391      0.52609
    0.592588   -0.0947611  -0.00262177
   -0.367195    -0.649278   -0.0641259
    0.557069    -0.423201     0.235205
    0.656987     -0.73722    -0.907892
  -0.0257192    -0.455388    -0.935207
   -0.261902      0.30002   -0.0260521
    0.205691      0.43928     0.142666
   -0.951471       0.9815    -0.209791
    0.622224    0.0707619    0.0458467
   -0.288415    -0.703996     0.545005
    0.612218   -0.0607677   -0.0937337
   -0.450246     0.677791      0.61779
    0.719635    -0.373547     -0.81043
    0.902038    -0.203546    -0.894231
    0.554552     -0.98944     0.653871
    0.361675     0.478263    -0.392629
    0.670371     0.160211    -0.914618
    0.922259     0.667204    0.0128263
    0.410849    -0.304377    -0.428082
   -0.852498     0.332106    -0.781284
   0.0737142    -0.290005     0.965374
    0.914371    -0.119889     -0.96071
    -0.16387    -0.970166    -0.653177
   -0.162446     0.423301    0.0486911
   -0.236766     0.413534     0.351709
    0.673855     0.271154    -0.827111
   -0.519876     -0.70727      0.74636
    0.452422     0.915176    0.0765132
   -0.136774    -0.632453   -0.0424815
   -0.766618     0.359439     0.013066
   -0.552174    -0.903746     -0.40032
   -0.380824     0.736744    -0.173994
   -0.510397     0.460783    -0.311612
   -0.245932     0.375543     0.743183
    0.615079    -0.253481     0.677884
   -0.370527    -0.256659    -0.795657
    0.550459      0.32729    -0.607002
   -0.433332     0.770999     0.110778
    0.992697     0.173483     -0.15134
    0.265735    -0.270613      0.42848
    0.201822     -0.18783    -0.533322
   0.0189604    -0.850886     0.454787
    0.668257    -0.848707    -0.394596
   -0.601114    -0.224665    0.0169682
   -0.928038    0.0625965    -0.815752
     0.46001    0.0601808    -0.349319
   -0.604178    -0.541974     0.996906
   -0.413605    -0.960797     0.998895
    0.540693    -0.121232     0.423502
   -0.570499     0.453467    -0.200105
    -0.38156    -0.583418     0.830555
   -0.878675     0.498443    -0.862831
     0.11518    -0.666499     0.406158
   -0.166167      0.15026     0.292434
    -0.76811    -0.577502     0.933935
    0.371091   -0.0727948     0.643065
    0.919902     0.538466  -0.00437285
    0.786177   0.00197154     0.505439
   -0.727733    -0.864303     0.905916
      0.9956    -0.341057     -0.27358
   -0.944053    -0.139809   -0.0642947
   -0.703871     0.236994    -0.600962
   0.0459501    -0.833581    -0.360786
    0.282679   0.00791274     0.274504
    0.978292     0.989494    -0.412759
    0.156266     0.418107     0.754569
    0.361061    -0.874259    0.0465125
    0.349957     0.321558    -0.264445
   -0.275907     0.421287    -0.524282
     0.82942     0.565129     0.398941
   0.0607387     0.123534     0.998001
    0.835221     0.233873    -0.594283
   -0.433782     0.703918     -0.11564
   -0.582023     0.752653     0.445955
  -0.0563686    -0.166776    -0.841475
    0.613157     0.988785    -0.662695
   -0.676621     0.503196    0.0785644
   0.0285968    -0.792155     0.431219
    0.626235     0.245416    -0.496192
   -0.871663     0.708546     0.501359
  -0.0407517     0.526289     0.348205
   -0.913381    -0.655487     0.274483
     0.80583     -0.77212     -0.76745
   -0.410997      0.98577    -0.537989
     0.37146    -0.171371    0.0133106
   -0.867933    -0.239714    -0.288424
     0.64244    -0.874998     0.464519
   -0.514451   -0.0981389    -0.831384
   -0.379486     0.579131     0.935994
  -0.0148919    -0.543084    -0.743252
   -0.287641     0.394584     0.171248
   -0.384019    -0.226245     0.163911
   -0.206037    -0.504703     0.844374
   -0.858168    -0.536997    -0.612678
    0.773033     0.698566     0.729079
    0.368064     0.805177     -0.37683
    0.056453     0.607855     0.622508
    0.805639     0.227068     0.488597
    0.373007     0.326916    -0.141882
   -0.873368     0.476939    -0.607316
   -0.695719   -0.0941952     0.835257
    -0.95247     0.862014     0.171806
   -0.162114    -0.127724    -0.451052
   -0.650413     -0.65642    -0.827748
    0.505503    -0.453863    0.0430646
  -0.0193672   -0.0695597    -0.213325
    0.495488     0.910914     0.652516
   -0.341451     -0.26095     0.844548
   -0.764846     0.214795     0.322399
   -0.763744    0.0664604     0.556539
    -0.25003     0.999354    -0.246479
   -0.246061     0.150539    -0.570418
     0.45749     0.110431     0.989041
   -0.971038    0.0100007     0.808012
   -0.235974    0.0816185     0.252835
  -0.0190007    -0.238207    -0.603164
    0.655153     0.448769     0.627109
   -0.840671      0.45988    -0.182444
    0.847935    -0.791053    -0.344639
   -0.763915     0.771481    -0.351417
    0.876503     0.279144    -0.265364
   -0.608053    -0.424962    0.0236949
    0.452235    -0.334107     0.240769
    0.715726     0.669645     0.607704
   -0.792725     0.720339    -0.316847
    0.677821     0.739187     0.758107
    0.130221    -0.487015    -0.499409
    0.620802     0.743335     0.432324
   -0.186061    -0.764599    0.0680968
    0.869954    -0.614172     0.502515
   -0.678251    -0.388605    -0.226653
    0.632109     0.718188     0.643108
   -0.136521     0.592036     0.709502
   -0.503798     0.349307     0.593246
    0.661046     0.800454     0.689774
    0.192437    -0.775305    -0.960447
    0.291558    -0.556504    -0.233501
    0.216338      0.83089     -0.45774
 -0.00906713     0.760134     0.766838
   -0.391235    -0.428422     0.240788
    0.511255    -0.485361     0.929603
    0.657221     0.542317     -0.16762
  -0.0888989     0.723525     0.805009
   -0.123711     0.288473    -0.219483
    0.794862     0.368582    -0.851201
   -0.762111     0.765856     -0.14057
